-0.35721239031346064,-0.766044443118978,0.766044443118978,-0.35721239031346064
1.3764265114646452,-0.8673284579169894
W1:, -1.6182091959112563, -1.0422138607458862
W2:, -0.24178268444660997, -1.9095423186628757
Z1:, 1.2169307704220484, -1.2169307704220482
Z2:, 1.6833920208628794, 0.35781601989736406
-0.35721239031346064,-0.766044443118978,0.766044443118978,-0.35721239031346064
3.2862398093395515,1.4910945531415614
U1:, -0.044288610496682645, -4.269229283362122
U2:, 3.24195119884287, -2.7781347302205606
S1:, 1.071565949253934e-16, 1.75
S2:, -1.467673493904492, 0.9531183112762978