-0.1758738113779843,-0.5664062369248328,-0.26864629838082954,-0.6819983600624985
0.5664062369248328,-0.1758738113779843,0.6819983600624985,-0.26864629838082954
-0.9825475935627164,-0.9998476951563913,-1.3255681544571567,-0.9455185755993168
0.9998476951563913,-0.9825475935627164,0.9455185755993168,-1.3255681544571567
1.3800084741948047,0.7499073083725263,2.0297334809810024,2.9599160454622258
W1:, -0.22121591110643735, -2.3680022482555816
W2:, 1.1589414167812933, -2.076830739260932
W3:, 2.3637808400524727, -0.26250955653264973
Z1:, 0.5823587627247218, -0.22917895613178674
Z2:, 0.5822099090317993, 0.22955684324608616
Z1:, 0.027095492546824525, 0.6252443976075028
-0.233955556881022,-0.6427876096865393,-0.26864629838082954,-0.6819983600624985
0.6427876096865393,-0.233955556881022,0.6819983600624985,-0.26864629838082954
-1.0697564737441254,-0.9975640502598242,-1.3255681544571567,-0.9455185755993168
0.9975640502598242,-1.0697564737441254,0.9455185755993168,-1.3255681544571567
1.3800084741948047,0.7499073083725263,2.0297334809810024,2.9599160454622258
U1:, 1.586954875012763, -1.6598416105583116
U2:, 2.2479957131869828, -0.4690578013001518
U3:, 1.6872849901177516, 1.557744943689731
S1:, -1.1780256282765418, -0.5394258425291216
S2:, -0.49366586386210554, -1.1979226332789088
S1:, 0.8935647839708224, -0.9382252380488234
